"condition","cond_1_1","cond_2_1","cond_3_1","cond_4_1","cond_5_1","cond_6_1","cond_7_1","cond_8_1","cond_32_12","cond_33_12","cond_37_15","cond_38_16","cond_39_16","cond_40_16","cond_41_17","cond_42_17","cond_43_17","cond_62_19","cond_63_19","cond_64_19","cond_62_20","cond_63_20","cond_64_20","cond_80_21","cond_81_21","cond_82_21","cond_80_22","cond_84_22","cond_85_22","cond_24_24","cond_89_24","cond_90_25","cond_91_25","cond_92_25","cond_93_25","cond_94_25","cond_95_25","cond_96_25","cond_238_26","cond_100_27","cond_101_27","cond_98_27","cond_99_27","cond_106_29","cond_107_29","cond_108_29","cond_109_29","cond_121_35","cond_122_36","cond_123_37","cond_124_37","cond_125_37","cond_129_39","cond_34_39","cond_35_39","cond_130_40","cond_133_43","cond_134_44","cond_135_44","cond_136_44","cond_44_45","cond_45_45","cond_46_45","cond_47_45","cond_48_45","cond_49_45","cond_50_45","cond_51_45","cond_52_45","cond_53_45","cond_54_45","cond_55_45","cond_56_45","cond_57_45","cond_58_45","cond_59_45","cond_60_45","cond_61_45","cond_22_46","cond_23_46","cond_24_46","cond_26_46","cond_27_46","cond_28_46","cond_29_46","cond_137_47","cond_138_47","cond_139_47","cond_140_47","cond_141_47","cond_142_48","cond_143_48","cond_142_51","cond_143_51","cond_144_52","cond_144_53","cond_144_54","cond_149_56","cond_151_56","cond_155_58","cond_156_58","cond_157_58","cond_158_59","cond_159_59","cond_160_59","cond_161_60","cond_161_61","cond_183_62","cond_184_62","cond_191_64","cond_192_64","cond_193_64","cond_191_65","cond_192_65","cond_193_65","cond_191_66","cond_192_66","cond_193_66","cond_194_67","cond_195_67","cond_196_67","cond_197_67","cond_198_67","cond_199_67","cond_194_68","cond_195_68","cond_196_68","cond_197_68","cond_198_68","cond_199_68","cond_216_72","cond_217_72","cond_218_72","cond_219_72","cond_220_72","cond_221_72","cond_222_72","cond_223_72","cond_224_72","cond_225_72","cond_226_72","cond_227_72","cond_228_73","cond_229_73","cond_230_73","cond_231_73","cond_232_74","cond_233_75","cond_234_75","cond_235_75","label"
"1_1",1,0.497664321208021,0.519026576877249,0.215043864657946,0.361506062028469,0.604085489524247,0.353648711266437,0.303681606445712,-0.140482072826821,-0.190832160467649,-0.0311643721251129,0.0386369489758744,0.287253578703169,-0.210597792224224,0.148124621144415,-0.0900096608952394,-0.0969465800016669,-0.14551252490442,0.14100551992229,0.236339440131542,-0.209958333181536,0.0143227958736847,0.148296414854526,0.16758730100725,0.115998232765278,-0.203752465917693,0.246341875689111,0.233077865980342,-0.231270028059836,-0.250035768587655,0.158538693833389,0.0128260773718793,0.0671290495440707,0.0464899482484616,0.08994676526369,0.079764583052372,-0.151961512485875,-0.105687275388067,0.352753583774974,0.112079993707448,0.0691377081183923,0.163559713317102,0.20626271243707,0.359981345466421,0.208441901666919,0.295721764936213,0.366432464831653,-0.114274837048479,-0.0823453885041926,0.183121968679953,-0.204288538349343,0.200133766182759,-0.0856710166328989,0.277504688849805,0.0576315287089679,0.0480976963207601,0.0912199064844755,0.0660037968708468,-0.00835564196158407,0.00443640069835337,0.157701829946916,-0.0503233465145292,0.194278314198871,0.26990820147065,0.126677177604479,0.178989462316081,0.0172246081664288,-0.0229783441653111,0.258511651187143,0.308503629418028,-0.522179113521729,-0.0431698094766553,0.179277412370996,0.0829246766019721,0.104653271632964,-0.0956492313487837,0.0542979997341821,0.192770457431935,0.159160892275302,0.120796165322496,0.0502771549901071,0.0893029430589237,-0.110118085347178,-0.281196562532113,-0.224908859088996,0.200592262589086,0.239479379400547,0.329026116046393,0.106497911127484,-0.269008521469241,0.0476581716501838,0.241011489171546,0.260048627433822,0.124371630311559,0.240100172912153,0.280206498773792,0.23626995904726,-0.110588423787821,-0.149909299775328,-0.185003606306977,-0.232750431088379,0.113510296291555,0.180790848826405,0.0134602491314088,0.129008846108184,0.201028906507372,0.237657115378265,-0.346538362767097,-0.0686045545185257,-0.102408933086796,0.0836418882162019,0.156611803962676,-0.125085423195981,0.138871751087428,-0.238385729522774,-0.0226477979359396,0.0870953154987538,0.0439338108722092,0.0444898106526845,-0.0300534563313026,0.0021947050942074,-0.0206890257757687,0.132037412767422,-0.00293353200216629,0.00803058362263348,0.0376385627613579,0.0599387694471316,0.121286411264823,0.0825105343108949,0.1286028825249,-0.0917328129535856,-0.0575330981830792,0.0584905148478978,0.0457707907790937,0.163714678003808,-0.0123027909190067,0.0528360857716731,0.193597943095317,-0.0673390335512713,0.22885596686636,0.173976467486215,0.265261008519918,0.186994104374287,0.0565558200865195,0.0595481488101694,-0.0067283730695278,-0.0135548521455149,0.118562184163005,0.327322986894499,-0.156455879705103,"Differentiation (NCM)_30.00m"
"2_1",0.497664321208021,1,0.461069126186816,0.330304184015167,0.34801373639755,0.587902576137939,0.541901559083512,0.342173166880255,-0.237938662121689,-0.216262882838003,0.00109913693929745,-8.5446696835193e-05,0.220160954872701,-0.135675315622184,0.35197072524504,-0.127627284242457,-0.131574311059446,-0.137371644027213,0.0287530253588865,0.235716919081151,-0.150201521627445,-0.010162854689515,0.129402371137669,0.180302660849454,0.090630722808866,0.00439306737162264,0.140620338888527,0.211275816427358,-0.15008099758097,-0.14529782946855,0.0568811723019749,0.206447408238051,0.124660980755314,0.00258891820141919,0.080377697556139,0.0375200610439303,-0.0489292289124795,-0.123552402828921,0.215422852651779,0.150945547118872,0.101161576549504,0.200910772313072,0.187791898041276,-0.0151006567939862,-0.0263715306239259,0.0958842880069217,0.195508960743537,0.0493214290623168,0.0242961543939714,0.30570209023819,0.10064701733038,0.242331785307473,-0.0432259788665477,0.257537758841562,0.0838872111811118,0.139454477251155,0.263833299666965,0.209775409599767,0.182460745160278,0.170543223466607,0.138960290721727,0.116564999544542,0.158192700588181,0.227276906255951,0.058027732241622,0.328210355290198,-0.16919747660727,-0.0596267702931631,0.0521660592939819,0.164053742859679,-0.0686076992545056,0.0286737928833495,0.00101121952060713,0.0284417323627121,0.0653005430073798,0.154650043176221,0.00196156393947114,0.105005491688111,0.0178470203918486,0.0855951428509647,0.181317080762612,-0.157111472633732,-0.116843280562397,-0.193905954690909,-0.0939084785583612,0.294550837818012,0.372599913091599,0.349240193803412,0.291080116132988,-0.0818144799749364,0.127425502328587,0.245662473914887,0.27356468087792,0.141704345650114,0.164922513135433,0.130215821100594,-0.08376340552914,-0.184927745723114,-0.272658204471718,-0.115319327895313,0.00468424976198632,0.138879363082864,-0.0170587527730102,-0.0252852933041444,0.0674665491300057,0.0999106238289613,0.144556771973485,0.103325733442073,0.0519155902775419,0.0778711180857364,0.166677762774588,0.264963084219885,-0.00176402901091716,-0.137135328019129,-0.0752067814872447,0.0958203042758311,0.171989245332389,0.201140167579564,0.201385710371665,0.113110595011802,0.115860130797312,0.135698108694359,0.161436480188707,0.161346549641233,0.127405067206546,0.0385503335861421,0.165832127019837,0.168364914563696,0.107463135639275,0.105489673074595,0.0557682620000893,-0.109609909992382,0.163566780235121,0.0772371707744959,0.178384973579448,0.119172697959699,0.0947757861560645,0.208844099473263,-0.18556125856354,0.155915761157501,0.244415133627525,0.227903688238304,0.258047301397266,0.200758072064943,-0.19161912588735,-0.0764242986105072,-0.00700687183572072,0.0943987501830141,0.160342901303502,0.0755854637945258,"Differentiation (NCM)_60.00m"
"3_1",0.519026576877249,0.461069126186816,1,0.180128589817325,0.214554703206017,0.429094075241425,0.382655494460682,0.404624728014272,-0.0673135242030804,-0.262901271722976,-0.0685023970894963,0.0925078427374706,0.260546280334802,-0.242573683664425,0.253583084818777,-0.3279655018638,-0.199324220991912,-0.145590442689901,0.0350121752371935,0.215214731110339,-0.120794882256725,-0.144567765152569,0.097943603268467,0.165827167724366,-0.0596310389426806,-0.184934499047903,0.248901638230005,0.0328643693587791,-0.144354322842008,-0.0150077497030548,0.168664400058612,0.0956009729022835,0.0888701056639498,0.033056976505887,0.177689371842655,0.0306957182286252,-0.0865513868714649,-0.193001249864975,0.242562652330798,0.228948199078497,0.21010551797511,0.208402180704398,0.339463317971464,0.174112041194981,0.0548694603204952,-0.0173602403495605,0.228668924182521,-0.0559857686219254,0.0068077599912712,0.193419786880072,-0.19876632424341,0.100876350634135,0.0148605668143218,0.094995810817996,-0.0380617466228216,0.25683201058837,0.37263973334128,0.153227599532931,0.159350834505581,0.19383690234121,0.0596376528247833,-0.124392606834531,0.11189880121169,0.113231393209274,0.00446952014216379,0.131639881199253,-0.126022807242224,-0.0305019722211923,0.10403142022279,0.202359394796373,-0.372837911885954,-0.188693684045536,0.163645084388185,0.0232851267448889,-0.0195649999979892,0.00677227597837297,-0.0712749690036355,0.0436758730290737,0.0488203513310001,0.0261834536186561,0.186584543232823,0.0428760703416285,0.276132062686636,-0.174694453498241,0.00232028154319181,0.041679210245236,0.129156629633516,-0.0624092201274018,-0.0653530223541228,0.0843312112074053,0.169719665315714,0.15450704842708,0.315448751593638,0.212126436317224,0.215251056928274,0.231969294078628,0.0255750098422085,-0.0290831139413725,-0.412946808461594,-0.0251762439162406,-0.0223900287769888,-0.0819987739757142,0.0621140802711944,-0.363107215956868,-0.158156896906184,0.244228691822388,0.298285636016829,-0.0424639821109861,0.186236762181609,0.0454511922036146,0.0489603130870061,0.14249340132087,-0.0775269933190448,0.0466702513323757,-0.136269794222475,0.0843941077222034,0.164181684506203,0.139965833859984,0.0578719328064935,-0.0624838169290547,-0.110925579502532,0.0698724174971423,0.0842477062502213,0.0481898800199392,-0.0497648552538557,-0.123605195144302,-0.0448272642710933,-0.0372467712114017,-0.103845615919529,0.0128690520153773,0.124573551875715,-0.0801924929265797,0.170197799768236,0.194992494275045,0.264699838003322,0.0956079843972985,0.181431450211431,0.230420120805296,-0.241061018650129,0.138537961927955,0.256446455969698,0.240940459353025,0.272237228916965,0.269749057393758,-0.226329699496065,-0.224447837930815,-0.105499162510574,0.0583878386949479,0.2052038685932,-0.196098069171891,"Differentiation (NCM)_360.00m"
"4_1",0.215043864657946,0.330304184015167,0.180128589817325,1,0.337005649877043,0.24889469512544,0.338567782335081,0.313454106023523,-0.22634943977522,-0.283019914358976,-0.115162813166558,-0.0383006156688048,0.0674910139414396,0.135346778727477,-0.0551293738588149,0.20170528691599,0.0616846888538594,-0.0906059192750329,0.209568876798972,0.195889323819765,-0.208590142886279,-0.107563331420484,0.241961830892346,0.336101010174644,0.119356848913533,-0.287645168932814,0.215173074145213,0.380652586730807,-0.0430168537210851,-0.298866658396248,-0.166309875212634,0.117787089926545,-0.181758900788129,-0.18377938524645,-0.126494137333106,0.0237888857464385,-0.0233198611090415,0.0838029957088804,0.393638018461165,0.0727002540728402,0.173795066577525,0.193126695696207,0.254501271590308,0.0230921366663303,-0.0963560173817741,0.0179209181298116,0.0295116133803688,0.143443681600369,0.375513538261102,-0.0445341591990301,-0.196736690377671,-0.0943861803708421,0.0476594983579393,0.0415138358141201,-0.120390516303797,0.11267135199683,0.0235685388430706,0.167550197122226,0.0871210965118204,0.296040133168001,0.101368479647738,0.230152861103877,0.122424095511673,0.094532440715279,0.207582093897669,0.296524656156506,0.0563527047873267,-0.119013247929623,0.245268454765767,0.274983266898199,-0.0919570225168808,-0.0197320761657618,0.224826286477282,0.173432080877793,0.235190027287665,0.105340684926849,0.0145863228842559,0.17640449689142,-0.239799060143877,0.0791964445606312,-0.045638938081781,-0.15205267489013,-0.152497601154259,-0.164323456129717,-0.00889221923121764,0.329882958708407,0.189610040885781,0.352523235359047,0.0757910102064346,0.0208658171276575,-0.0292480620375698,-0.0217059414498859,-0.0104363260504329,-0.172916797235002,0.0994675254705025,0.0238799143023707,-0.0937945832816707,0.0647953608671551,0.012751198661058,0.202314983101934,0.222521572078891,0.260783604482428,0.22300499399567,-0.0414223442093712,-0.0168348280026255,0.0576279359318789,0.197401905692105,-0.0211812041382984,0.182515942168697,-0.0143191433749039,-0.0439803616941787,-0.00216062314465822,0.174087907888282,0.0632292980224321,-0.0858571802345982,0.21517283528781,-0.00225925212598,-0.0129611125727435,-0.041429641602109,-0.0793834653561761,-0.000669738632745932,-0.0786292073937667,-0.201372780013986,-0.0664067741585775,-0.125052928091306,-0.0727172500093403,-0.0558174380229417,0.10691229897052,0.0827198671429667,0.020639543301485,0.0185675258756591,0.0152164417023217,0.20980549695027,-0.142399029201535,0.0569984634106128,-0.0761486944594279,0.272499760808441,0.184636914705501,-0.0743456508094284,0.0935188247041928,0.0546756869028298,0.282986910679684,-0.0614950521708739,-0.0234833347725335,-0.0426567510825471,-0.045250919061749,-0.215497169219158,0.139683614174079,0.276126270564699,-0.276537039149056,"Differentiation (NCM)_1440.00m"
"5_1",0.361506062028469,0.34801373639755,0.214554703206017,0.337005649877043,1,0.641901564923023,0.304978929520512,0.123871397981409,-0.129379635395932,-0.249675903822691,-0.0750851704034653,-0.0988075193296553,0.0525745210300842,-0.0632787913234267,-0.0195106053135261,-0.0669606220118418,0.0444296159244656,-0.27682926444471,0.0958346429554359,0.38783699982205,-0.190950231234237,0.0994251461475486,0.308947163278094,0.202400774729759,0.178102260152527,-0.0503263270890433,0.0325834792848519,0.0583993435215816,-0.180886362282704,-0.215326037853326,0.0338886009640594,0.150621126999609,0.0268260177550705,-0.0371180186028205,0.0587760322744769,0.0832204340970378,0.163549398118408,0.0618946895338093,0.286630096492315,0.151577963763492,0.128029730054563,0.310814732232433,0.253828903787375,0.0483571951534521,0.186474783947983,0.348180727078966,0.371600364493625,0.233708181008603,0.144434744503753,0.156794503941056,-0.15872661041734,-0.137898056168989,-0.186667241496998,0.114776610063973,0.0586763540952771,0.0449386750651029,0.114934515422508,-0.042388979379467,-0.0207733533816647,-0.0407118865549017,0.0584269779809308,0.231267947036519,0.135342310399002,0.175384846300129,0.106115268214886,0.144424758919097,0.0910031365903898,0.168910881294922,0.146314659708298,0.401368245881178,-0.0408339950852371,0.151464980692621,0.237860442423081,0.164894537512446,0.331528162106739,0.222508727738683,0.0167619675214233,0.28506738660209,0.0853853508754614,0.103220558375376,0.156311756641669,0.00496201957287742,-0.0505406175816709,-0.0863754443629351,-0.0917395363081686,0.286607617438687,0.152238611008591,0.136577094202873,0.0868781355842489,-0.0289189803870248,0.00772455010453951,0.263656131730377,0.247581251426909,0.0298964651054694,0.107936812582626,0.263317388816148,0.150777272866513,-0.025104996405366,-0.198469987206603,-0.00741672108305529,0.102674573044975,0.200136574417859,0.0308690977787167,0.17013160542221,0.0865417325114877,0.186123961188048,0.268135200980279,0.145225161483572,0.219904213072511,0.0944486395788745,0.218547094146489,0.483911139418389,0.229218669663827,0.188540281020618,0.00146565705333899,0.0688565868508432,0.161422767096825,0.130177572809171,-0.063762712419931,-0.0764699149851124,-0.0329697148793453,-0.194878280158593,-0.100024642654611,-0.0606185945599838,-0.112168574220866,-0.0622212618186521,-0.0974694724123799,-0.100949470630739,-0.0593372587474683,-0.121019815636552,-0.11874111238375,-0.00643604669427014,0.0394207643336095,-0.206635280240942,0.117447072824699,-0.229826451062364,0.112762028610331,0.19169195474994,0.0163343624601882,0.128347080454658,0.135793541410601,0.162802274671588,-0.0810959284239133,-0.0629658667492899,0.257144108032813,0.107084325286854,0.0475606316895754,0.197883745348524,0.305669028539172,-0.0137875770968193,"Differentiation (PMA)_30.00m"
"6_1",0.604085489524247,0.587902576137939,0.429094075241425,0.24889469512544,0.641901564923023,1,0.471648215209721,0.290049418160499,-0.0554935515296743,-0.193063464625895,0.0417995100523459,-0.000572081663535036,0.245465976415882,-0.117706059394316,-0.0198177596774603,-0.105848840929409,-0.159250155984774,-0.173620429169668,0.107745257983282,0.328806558252077,-0.206372411309131,0.00898166831748595,0.256774250181417,0.23627586011749,0.216523840175695,-0.0381637353635136,0.155203368132703,0.0778807366164985,-0.266091148881197,-0.195977793166158,0.131568424427813,0.089726234997423,0.0778267301146454,0.0859343419420603,0.149112580830877,0.0331499871392196,-0.0717581692282831,-0.174074333808448,0.190306729664939,0.228957290373186,0.189460870879577,0.231258154144097,0.312517533331092,0.267528042169551,0.145979716450397,0.260441136921746,0.376644666791797,0.155374225918233,-0.100234010575225,0.247426867858674,-0.18544285469755,-0.0499575024218508,-0.101475226533669,0.225596141509689,0.127203876761948,0.182092832858176,0.289228540888264,-0.104211254751083,-0.027558419212291,-0.0530238455617624,0.0350096767797297,0.0732521698353781,0.404779302222848,0.393912504691089,-0.0277902165587108,0.172443306848048,0.0105050003451322,0.248770264298746,0.213748474064985,0.248305606842892,-0.272887857637588,0.216009467914435,0.0328720457052379,0.159701300848573,0.203848930265057,0.169618611782381,-0.139555870982075,0.164804234558216,0.161199869453887,0.180652083314193,0.0567348646098458,0.129223614866043,0.0122565271322173,-0.178461136413071,-0.275475928895103,0.243947298170797,0.396108687933526,0.294583104227193,0.166070201976292,-0.107535371343764,0.125702503966085,0.18553908092593,0.311813063440079,0.0830687683051204,0.151154994453281,0.300051577938252,0.12968537240675,-0.171212672065334,-0.223563458816484,-0.132410696961649,-0.0793043789683729,0.125126255232049,0.0134154333180022,0.0690382082418209,0.162066216069244,0.330454833517596,0.321107507343674,0.0776169075148316,0.204878316586277,0.0132559363464313,0.109166682115919,0.38032647146105,0.0441820379826926,0.15598000048903,-0.0557063230435319,0.0495362295279225,0.2099990553749,0.192341680687334,-0.164510099008104,-0.0592602384814859,-0.0673727145429364,-0.234093543143352,0.00300539196241076,-0.032214199757183,-0.241046635950324,-0.134000991302078,-0.175273501079825,-0.166116887993635,-0.079770698099014,-0.21491725372342,-0.0524888411260029,0.114555206434703,0.139640332960022,-0.0364736194152335,0.290505204260148,0.00535143810000074,0.131457835363486,0.294744234403122,-0.00230165112101478,0.271938500895638,0.398633318702263,0.379897016504214,0.0905363345316276,0.100731192141122,0.117155244507137,-0.164845928624473,-0.0490288928034184,0.134280304341421,0.351075819921112,0.0931452816711546,"Differentiation (PMA)_60.00m"
"7_1",0.353648711266437,0.541901559083512,0.382655494460682,0.338567782335081,0.304978929520512,0.471648215209721,1,0.492906808359198,-0.293973364252337,-0.347383574453525,0.0555204409426216,-0.168594689101693,0.0719399783292693,-0.288028653152032,0.0712591568281761,-0.0825793652047797,-0.284416259685865,-0.253463457895401,0.0490410701781831,0.268379027442938,-0.32422328899107,-0.0978575140124964,0.184470453110969,0.150289121042401,0.208959964318308,-0.104355083099104,0.199594934406742,0.379338587352131,-0.017007395297928,-0.159455638265842,-0.0488216055247463,0.171010207784394,0.0308227066151134,-0.0146509294221861,0.0583211324465572,0.121874080601861,0.0528323814158301,-0.0312833939153363,0.142164559097315,0.125122986604573,0.209406146828254,0.119714108083597,0.186053252219083,-0.0748010759245648,-0.0726064170755289,0.0486820755799635,0.335438113995939,0.137529966265764,0.0343872333590422,0.26767746673093,-0.0367300335350402,0.101181233993821,-0.041353761406894,0.183001286254579,-0.0402087313383286,0.35493061892534,0.30007671402966,0.158418960757832,0.136659109188432,-0.0245115187907275,0.0254299276731574,0.188537420468184,0.257793677608116,0.244042572294114,0.0441215158954484,0.0485102235686507,-0.158583158432913,-0.152566750568017,0.197185239172629,0.130474069332593,-0.155773526173545,-0.0241105987003775,0.159357301821286,0.165909658157579,0.207538936838728,0.110543532127132,-0.0972156729431037,0.0877010395119781,-0.0545643202059443,-0.0138984932312223,0.00100515408093772,-0.169987505604021,-0.0388299480557271,-0.228701779442888,-0.270517434326428,0.128858691399697,0.184687319930439,0.193991859226663,0.247034815475763,-0.270578736389041,0.151760947289369,0.185320105092996,0.129254973317342,0.218804931458151,0.0535500101086765,0.0971027976037481,0.0804025331792292,-0.161149742564219,-0.135089599744704,-0.0620629556901363,-0.110449219981336,0.484258027434375,0.0200099611524162,-0.178472347435597,-0.0448982149539514,0.251591246875834,0.332710097784169,0.0552750264639381,0.121455182122264,0.0449512415525557,0.0540258112819447,0.130144120719995,-0.0233865478824443,-0.0299101402260757,-0.0547398105126973,-0.00160233931900533,0.0798685183981204,0.117999967653933,-0.0846616805798916,-0.178338390297888,-0.2130772935802,-0.143438360969767,-0.180681427623026,-0.149471325155139,-0.329526906401464,-0.302178815425853,-0.219921708632556,-0.202076507497843,-0.266446586487585,-0.229215964049754,0.00689195958448029,0.175481560264848,0.274735458637015,0.0819930682622904,0.316647118682712,0.292876359126852,0.120875138479036,0.264414285252373,-0.105048866520858,0.209392907460557,0.336355523828162,0.420837901938787,0.194093681911162,0.112142713349188,-0.0453715812600798,-0.1568593902895,-0.206560120784437,0.136653700714303,0.23395936274471,-0.035794248278453,"Differentiation (PMA)_360.00m"
"8_1",0.303681606445712,0.342173166880255,0.404624728014272,0.313454106023523,0.123871397981409,0.290049418160499,0.492906808359198,1,-0.119280700961209,-0.108370032561593,-0.0239928807255256,-0.0980805190061348,0.226958809535848,-0.302683580244803,0.233766179437633,-0.0276733525063395,-0.213841295616534,0.0270113599270874,0.115946313415498,0.0470742816993789,-0.11770664064713,-0.0982726692661804,0.0308738658149886,0.0909615724848138,0.0827552936988944,-0.125820972392936,0.122907290034641,0.33197549253583,0.109770324838612,-0.275837987499588,0.00645422038269978,0.149837354871235,-0.0177943931868523,-0.0329491207923878,0.122079101974269,0.0969903069769798,-0.195245582902101,-0.235864034096155,0.0573675112448972,0.0274989025111164,0.162835943773756,0.0420790469173197,0.0918540495091028,-0.0536878234258776,-0.168921444844357,-0.123065164596149,0.00576330008030747,-0.00544022958148157,0.261530044536497,0.0748094224431157,-0.0618049746853729,0.0866444563616716,0.0173607203090399,0.0531697164342999,0.073885920575051,0.242781436032342,0.336758852597106,0.240367407860318,0.0505769464878911,0.179842062420472,-0.147779441349798,-0.153176180694122,0.133360470742574,0.149970917975184,-0.181179741402208,-0.0751458359337855,-0.186615256571725,-0.313231462494575,0.101870078561259,0.118733552362852,-0.246132537965532,-0.0165568442365183,0.12742063862897,0.152331064577969,0.049377629237965,0.0995718655625852,-0.228783091623365,0.0262993076314078,-0.109594298964828,0.316635960797012,-0.141179532817227,-0.00378998603661227,-0.0601327724524847,-0.0554924877807049,-0.0398487235597524,0.113307352754091,0.0770550097694018,0.0416755431288223,-0.0526690492140808,0.157973362512081,0.120716542597286,0.18495529450646,0.103935645740816,0.141165899213974,0.0285308540147492,0.182677524087927,0.100389457262846,-0.0189887256326041,-0.14523866727802,0.0345412608805054,0.0167330558706252,0.222644003911261,0.0569147186002404,-0.211186525315322,-0.213344175275921,0.269986156975767,0.266142231798687,-0.0947910513643652,-0.0039987230668649,-0.0401550177070704,0.00131218963204184,-0.0265167565743962,0.15818307084739,0.0892764417253454,-0.188738522603267,0.0728006500076612,0.0901411698613407,0.112952487798717,-0.221036407148489,-0.235187619493468,-0.301947852222435,-0.0415413432879088,-0.303894685545727,-0.196741824184,-0.175631221708098,-0.306225594903292,-0.115299215729035,-0.142952979002577,-0.232640631762713,-0.0800590012669849,0.0776766382504112,0.0731858171072189,0.300856200030513,0.127509516464232,0.2837930382149,0.169929836786669,0.168427810756185,0.149227429129103,-0.0918964165464506,0.109737785754641,0.179115716550181,0.194747765222821,0.260177155897623,0.0859959895305647,0.0213639285748017,-0.257783307809443,0.00212023376539713,0.0928074694727916,0.106659265437641,-0.145319918677681,"Differentiation (PMA)_1440.00m"
"32_12",-0.140482072826821,-0.237938662121689,-0.0673135242030804,-0.22634943977522,-0.129379635395932,-0.0554935515296743,-0.293973364252337,-0.119280700961209,1,0.626682005303565,-0.103351592601464,0.242499002363621,0.272819216186768,0.0199310686059635,0.0314091829757667,0.0219721071221007,-0.0594571361573253,0.321635528813627,-0.0484512463585193,-0.39450813028524,0.364942000440716,0.014864445963414,-0.456642800764673,-0.253010248795343,-0.330905998536648,-0.0294002626499816,-0.105979975656753,-0.209664120288177,-0.0814570106709884,0.184813302177173,0.00745657792368229,-0.00280661022170743,0.227462139943178,0.0720950165797186,0.0797501849735024,0.138234821156422,0.0768196114912166,-0.00538879641317218,-0.387768635081062,0.0226452669096702,-0.17901272307459,-0.131577665267332,-0.278873697124962,0.270354719593777,0.0471143945455261,0.0358532158240314,-0.0159858298627847,-0.122620383760901,-0.305236764834754,-0.141126173678703,-0.106112849803915,0.0372692700188756,0.129765632384205,-0.00114512857152428,0.0633171930916228,0.00268809330735074,0.0968836316066702,-0.0898804909331174,-0.0934025681459893,-0.0244691735717716,-0.0294060091822636,-0.111236676061604,-0.0498121138691326,-0.100402268631733,-0.135167653826078,0.0559035166420719,0.187676513439185,0.216928800719047,-0.0789784383259659,-0.0860452407480351,0.0357354785871846,0.0391009555814136,-0.0833123656734478,-0.0767878019818831,0.0521837298877022,-0.097319681632465,-0.0927665793819757,0.177425270397352,0.25411581119066,-0.0210181489709383,-0.0469175163229608,0.104710518855297,0.121698577172904,0.0662118426571606,0.04637043412209,-0.0567337403617185,0.207999606351944,-0.233839080942509,-0.111295055815686,0.345368852907401,-0.16082174410501,-0.0775994380234495,-0.371162225292562,-0.168196399511859,-0.0380492741406927,-0.178804155391627,-0.0323642482215549,0.0301141056720644,-0.108664947981223,-0.201808571321447,-0.152056356396747,-0.364587754093177,-0.120788720265333,-0.0393626289867499,0.0194458816162595,0.0694586610366898,0.146940773309504,0.038043735082066,0.0458926972026525,-0.305986308591942,-0.0627732490979463,-0.177549994853894,-0.0901482788352634,-0.222930340300585,0.0467953311486511,-0.136079631533684,-0.0907795931336101,-0.0473402007789635,0.108472461647207,0.0627862375489495,-0.113313492151722,-0.0736240387450676,0.117128496887186,0.189031287104271,0.0495527779572951,0.109224509936954,0.0276756318842315,-0.0804531272576899,-0.0464144959621853,0.0343993674185046,-0.144420442302884,-0.0288724567737402,-0.153204153498701,-0.17964065062786,-0.226667759185818,-0.142924673000263,0.157476111167078,-0.0226877459182519,0.0143759868933452,-0.0343381443217354,-0.303313576682152,-0.116147056423621,0.029523962724651,-0.0999389879160822,0.252282823065919,-0.0597406752058641,-0.100221331381595,-0.195395331495272,-0.355385284600826,-0.0270423622508317,"Erlotinib"
"33_12",-0.190832160467649,-0.216262882838003,-0.262901271722976,-0.283019914358976,-0.249675903822691,-0.193063464625895,-0.347383574453525,-0.108370032561593,0.626682005303565,1,-0.0230212047980854,0.0339514089972944,0.156929022920577,0.0641675381089621,-0.0858351293202238,-0.0513913952791279,0.0175806154942736,0.221656288175112,-0.0516459716437618,-0.338978314120763,0.20153696154446,0.150051878919003,-0.289487878670851,-0.308418241233363,-0.0949032597928725,0.171298912826203,-0.242377845795478,-0.197804892772193,-0.0933100868881139,0.139469003351159,-0.157965993891013,-0.166600534425313,0.215534690206456,-0.0944887018674944,-0.14670365663952,0.0319915044417967,0.0403306291106026,-0.0119539079462847,-0.318087559312156,-0.0325123285931783,-0.142428320528605,-0.138474109022934,-0.344217406849901,0.0327410879923546,0.212941318930554,0.0414135440552714,-0.0477818809927693,-0.111088610100585,-0.15954383704928,-0.140053538886582,-0.0677959096008076,-0.039783893659648,0.0621324106437208,-0.0211944873838705,0.103836878435447,-0.106730550208574,-0.0527192830794978,-0.0811870775040457,-0.0828723014834002,-0.0904380855927552,0.0422092885113374,-0.0187307859785477,-0.302347878682597,-0.281240701467142,-0.129621442305113,-0.187659652829434,0.163619340146327,0.105371120763628,-0.156145773836102,-0.195328976007101,0.0889951067529989,-0.0190279954288412,-0.0896832747229228,-0.00252469186976809,-0.0952529706622593,-0.0505932183091552,-0.111878353492853,-0.126101602975069,-0.0363554059465247,0.0509146932247548,-0.0944091204014827,0.104018162026426,-0.06573870033511,0.16553941253609,0.130915354641591,-0.0363040049257483,0.132831300843883,-0.149139005946975,-0.110904153994688,0.30640811384818,-0.191323221527657,-0.167742716483771,-0.261284704406125,-0.160486347979981,0.00484047139455708,-0.175605276703151,0.0454279536245186,-0.0551273017770164,-0.103703384630714,-0.159633869685377,-0.141998007703815,-0.270169018180698,-0.191483165886509,0.0947775674326179,0.0246343186813856,0.0364472712284111,-0.00980994816930028,0.0418491977551522,-0.128184920733682,-0.227074005335901,-0.0501897312922552,-0.0913291895152671,0.00305003468238645,-0.0776942395023915,0.0279916740470247,-0.19049452061517,-0.170147097347743,-0.108892358545971,0.197885165579294,0.085458398908679,0.00912849351235554,0.00391482981229844,0.170382961760725,0.214761799497211,0.017350586677679,0.194498761219095,0.0888816936734429,-0.0740727911004699,0.0399778315397533,0.176964518021196,-0.0491096528311437,-0.0654018780428224,-0.163417259861929,-0.209373142646952,-0.240316940579088,-0.110708972088626,0.0281533347955841,-0.117150479395149,0.000859184084153761,-0.0800260309855418,-0.418412661070553,0.00402735981740068,0.0276116760107343,0.0290622517729847,0.0938693530588645,0.0381832757014236,0.0399851025729344,-0.154161144209406,-0.27788245319019,-0.0246374104920028,"Gefitinib"
"37_15",-0.0311643721251129,0.00109913693929745,-0.0685023970894963,-0.115162813166558,-0.0750851704034653,0.0417995100523459,0.0555204409426216,-0.0239928807255256,-0.103351592601464,-0.0230212047980854,1,0.122020058669734,0.150278064960597,-0.0517428035108379,-0.0646712566916812,-0.0706301006247313,0.0388099431783702,0.0853688950333561,0.122169894025301,0.00881581940234663,0.067000555181168,-0.0540166537235594,0.055103590611726,0.045348575698449,0.0214769083524956,0.110856911186652,-0.2733258992779,-0.07375860125334,0.0171286419532171,0.138171696658884,-0.0875974134166698,-0.116796217678019,-0.282798401749706,-0.00916340428316018,-0.00933145070964215,0.0026106505788099,-0.0592044024420353,-0.137152665660755,-0.123562459781277,-0.175258882641098,-0.0789197369164117,-0.144118891969044,-0.0455998742595766,0.235353703007246,-0.102946848531485,0.0083545407301888,0.290172410499667,-0.123394217431819,-0.160081167717125,-0.00617014714957485,-0.15859882007055,0.12329131962616,0.0159833901661509,0.0828662903629416,-0.10212488844583,0.180302768065698,0.0174309650548527,0.118196686442546,0.110130689179941,-0.101484619993335,-0.192042976750428,-0.0126475880023391,-0.0568855503806441,0.0867525402772683,0.166824947617326,-0.189100464577658,0.0282719812333758,-0.140236703393242,-0.350815724361227,-0.0352633858817318,-0.202735509984759,-0.140759216772426,0.0300186286033633,0.0594782124862994,-0.106509496843599,-0.0630626370261605,-0.00229100833365423,-0.345984734967571,0.0137796961650414,-0.191898656956889,0.0615974831942324,0.10124608189673,0.00770509755909982,-0.15236393111783,-0.0721362105420578,0.0838618058019157,0.205029149521143,0.128130205834208,0.0565873517366734,-0.20643901071199,0.0235026561212082,-0.100967429084681,-0.186929873875781,-0.00449436604619923,-0.362128705219439,-0.0391958075231278,-0.180652085796459,0.00278541017910124,-0.11954983566095,-0.223410401197898,-0.0897728838853781,0.047690824693131,0.0422511924486928,0.228023968116127,0.11659088817837,0.128527594024556,0.0702302072541482,-0.149644796692222,-0.0902026328633718,0.0509763547063326,0.023809071566042,-0.114602012120384,-0.0681368717838898,0.015834193223247,0.045444267819733,-0.0884749323632238,0.0147223973826808,-0.00825723801092429,-0.141659541044521,0.0825744715357001,0.0785757911842241,0.0584196382223926,0.123785617710185,-0.0525454716074764,-0.0310575912068077,0.00133016641261072,0.0471214753114264,0.0278448420258698,0.141882170176511,0.0205124931768194,-0.112339892953137,0.339126619206212,-0.0381558129642971,0.149869094770927,-0.0353225546772312,0.241837354470835,0.190203808941372,-0.0356962555904321,0.129103936666065,0.158618378430759,0.0612853356431003,0.121367417213778,0.205626974747121,-0.0036436297799686,-0.0498125295071392,-0.120466843727932,-0.101156673239374,0.0265161992323639,0.0480012173616433,0.0523223373324866,"BI 4834 (on Mitosis Nocodazole)"
"38_16",0.0386369489758744,-8.5446696835193e-05,0.0925078427374706,-0.0383006156688048,-0.0988075193296553,-0.000572081663535036,-0.168594689101693,-0.0980805190061348,0.242499002363621,0.0339514089972944,0.122020058669734,1,0.384381525760885,0.118435201053263,0.19564259511452,0.116217717252211,0.151204735185497,0.357771028401987,-0.125600450176525,-0.403815890328284,0.345635446835923,-0.0038780083490685,-0.185577055836111,-0.179357273801301,-0.111719549074462,0.18261065870482,-0.222035110245132,-0.281850737632415,0.146421116251887,0.0996671127097648,0.0349134061838927,0.00150434266154437,0.30508827332809,0.256920685909599,0.210845480251445,0.152750020784867,-0.198937688061968,-0.174567211097977,-0.274216134504275,-0.337544905052917,-0.465759983798315,-0.342317066244987,-0.127255917514637,0.561564632334062,-0.245416082496459,-0.122199577376937,-0.287900515593008,0.00986037965227291,-0.148287854702054,-0.131795323405292,-0.0961438540440069,-0.0472824504475064,-0.113580666434692,0.201888325848124,-0.070569434489363,-0.0604801655669812,-0.0534160631132089,-0.229378659081257,-0.108507504954182,-0.053338833919097,0.183042474284669,0.0122716776663268,-0.0569653150877772,-0.161318670761543,-0.117795591842155,-0.0883783001167314,0.0169394260304103,0.0288368599809992,-0.202711274762827,-0.0265624641512185,-0.0312694946203875,0.206236241562666,-0.126241662389713,-0.153737156186111,-0.135257361111111,-0.17511077125156,0.236764538648263,-0.0755267008792537,0.24672353829541,-0.0416120387317066,0.0840518494387152,0.0281058449793801,0.0138506813093167,0.0164965482462016,-0.0447180965657055,-0.166639084976639,-0.0108281046662518,0.0345411737552219,-0.134517509491391,0.12697987116825,-0.127201237772452,0.0403886642517798,-0.069239872377538,0.0309270630856926,0.00161741847219826,-0.100173084666164,-0.0157806646946853,-0.0262933395179866,-0.372068079853682,-0.259435493922804,0.0564694463617094,-0.126893063064185,-0.0951965570700156,-0.225675745388362,-0.159826936008992,-0.133516680134831,0.0253697860522428,-0.0828635539208068,0.0204146485486163,-0.0164347861212929,0.011627241949949,-0.238918352657134,-0.157183026811665,0.0540257000941067,-0.0198326731015386,0.180829279513721,0.0713687376209113,-0.00245047959823473,-0.0386483714611676,0.0976145488223289,-0.153087036549648,-0.106646461610945,-0.00476377297555897,-0.175514460149932,-0.0231367936967657,0.0993611549967983,-0.0361285467528107,-0.0127621820516011,0.0153907802361437,-0.106096277076303,0.0157373917349301,-0.248228656194291,-0.161483840065797,-0.0672368872672651,-0.170855534719347,0.0206751527699452,0.0272996787232984,0.00709309313994165,-0.135398749300053,-0.134259039804731,-0.123320190030334,-0.137193942725822,-0.0659831156465849,0.0213742666122,-0.0146192574527729,0.201609364026796,-0.122533029071031,-0.0306706863133726,-0.26973513455355,0.0678327284591576,"Starved"
"39_16",0.287253578703169,0.220160954872701,0.260546280334802,0.0674910139414396,0.0525745210300842,0.245465976415882,0.0719399783292693,0.226958809535848,0.272819216186768,0.156929022920577,0.150278064960597,0.384381525760885,1,-0.1073972032046,0.164980424079741,-0.226780961324379,-0.0725364680744796,0.254691948604751,0.0085224083349528,-0.172160697698332,0.174318149051109,-0.0833340286104314,-0.24315408881032,0.0338517671528856,-0.0113772726503273,0.0167899348556247,-0.186388007913903,0.0950745852422347,-0.0338727933918783,-0.139187008131849,0.147841399540093,-0.0280465278972436,0.163910440763202,0.234770260436103,0.289827314610152,0.143650171834046,-0.162573777927526,-0.10161333895007,-0.153785192735412,-0.0576311697332241,-0.162975220744592,-0.0979680038537485,-0.0600734161932321,0.308564023759099,-0.0247605636426418,-0.0872741957938874,-0.168233388277592,-0.222797308208587,-0.314797277539188,-0.0371164166739709,-0.140027213624916,-0.0706707347054278,-0.0763952092866391,0.06723892559744,-0.183813306533301,0.0245197873886732,-0.055256977769447,-0.134762711293005,-0.0395267486012213,0.169739028633409,-0.0405774290175688,-0.0942962608357808,0.0841029065014199,-0.114128120618976,-0.0755962609430465,-0.0105922242306331,0.13616307238068,-0.0451163784086936,-0.183934623789684,0.0650746967046127,-0.382393740558777,0.0164713706388616,-0.164574366442565,0.106263565773318,-0.11298020032041,0.0250641082046442,-0.092516283967064,-0.123988775136975,0.166840125039589,0.113416336688652,0.0891817570981265,0.135071915684787,-0.139429964045313,-0.0845077166979922,-0.0526705764609326,-0.157877628260884,-0.0810557000844869,-0.0227142460014075,-0.153057941514921,0.0077926914358841,-0.0964564395502461,0.133588412317241,0.0166680391331913,0.0134830497310451,0.0225901950464296,0.0102040171534253,0.061221322076526,0.00888872802491915,-0.282596971618033,-0.249843543625988,0.0438712253457609,-0.219801845208674,0.150415198410336,-0.146940372399102,-0.0651948473324539,0.11380526292141,0.153578542854437,-0.42146035086428,-0.180124368037635,-0.137599086827461,-0.0166505904767769,-0.0614820446807434,-0.0886019839603259,-0.0975933483028575,-0.0865718383244129,-0.0883076588088524,-0.039869577345409,0.0444947845909739,0.0305357875205208,0.131504544700382,-0.0877580418645618,-0.0670401714858239,0.0225936950188341,-0.0741812555760242,-0.0444786537189354,-0.0824966604688574,3.55739631660005e-05,-0.0847349950459709,-0.016216614928186,0.00291039784531395,-0.0727836154510434,-0.0361100306471713,-0.116460240594518,-0.0774084614355112,-0.0872983814198606,-0.0293850074781452,-0.0308947371532822,0.2146452098668,-0.153920552949847,-0.103560773575102,-0.0693860745173215,-0.131806890043332,0.022989007593891,0.094521934299039,0.0400374129408438,-0.0948248736312415,-0.0979288869503904,0.00843729112854456,-0.103677544949135,-0.10199305220282,"Torin1"
